,GridFins,Reused,Legs,LandingPad_0,LandingPad_1,LandingPad_2,LandingPad_3,LandingPad_4,LandingPad_5,LaunchSite_CCAFS SLC 40,LaunchSite_KSC LC 39A,LaunchSite_VAFB SLC 4E,Orbit_ES-L1,Orbit_GEO,Orbit_GTO,Orbit_HEO,Orbit_ISS,Orbit_LEO,Orbit_MEO,Orbit_PO,Orbit_SO,Orbit_SSO,Orbit_VLEO,Outcome_False ASDS,Outcome_False Ocean,Outcome_False RTLS,Outcome_None ASDS,Outcome_None None,Outcome_True ASDS,Outcome_True Ocean,Outcome_True RTLS,FlightNumber,PayloadMass,Flights,Block,ReusedCount,Longitude,Class
0,0,0,0,0,0,0,0,0,1,1,0,0,0,0,0,0,0,1,0,0,0,0,0,0,0,0,0,1,0,0,0,-1.7129115371395962,4.759999181796178e-11,-0.6539128396553676,-1.5758945740782508,-0.9734404576759703,0.41143049645500746,0
1,0,0,0,0,0,0,0,0,1,1,0,0,0,0,0,0,0,1,0,0,0,0,0,0,0,0,0,1,0,0,0,-1.6744191430465716,-1.1952315876802697,-0.6539128396553676,-1.5758945740782508,-0.9734404576759703,0.41143049645500746,0
2,0,0,0,0,0,0,0,0,1,1,0,0,0,0,0,0,1,0,0,0,0,0,0,0,0,0,0,1,0,0,0,-1.635926748953547,-1.1626730710459132,-0.6539128396553676,-1.5758945740782508,-0.9734404576759703,0.41143049645500746,0
3,0,0,0,0,0,0,0,0,1,0,0,1,0,0,0,0,0,0,0,1,0,0,0,0,1,0,0,0,0,0,0,-1.5974343548605223,-1.200586606863552,-0.6539128396553676,-1.5758945740782508,-0.9734404576759703,-2.433736475033965,0
4,0,0,0,0,0,0,0,0,1,1,0,0,0,0,1,0,0,0,0,0,0,0,0,0,0,0,0,1,0,0,0,-1.5589419607674977,-0.6286705580890001,-0.6539128396553676,-1.5758945740782508,-0.9734404576759703,0.41143049645500746,0
5,0,0,0,0,0,0,0,0,1,1,0,0,0,0,1,0,0,0,0,0,0,0,0,0,0,0,0,1,0,0,0,-1.520449566674473,-0.5954694391526497,-0.6539128396553676,-1.5758945740782508,-0.9734404576759703,0.41143049645500746,0
6,0,0,1,0,0,0,0,0,1,1,0,0,0,0,0,0,1,0,0,0,0,0,0,0,0,0,0,0,0,1,0,-1.4819571725814484,-0.81588202873655,-0.6539128396553676,-1.5758945740782508,-0.9734404576759703,0.41143049645500746,1
7,0,0,1,0,0,0,0,0,1,1,0,0,0,0,0,0,0,1,0,0,0,0,0,0,0,0,0,0,0,1,0,-1.4434647784884238,-1.025798780721217,-0.6539128396553676,-1.5758945740782508,-0.9734404576759703,0.41143049645500746,1
8,0,0,0,0,0,0,0,0,1,1,0,0,0,0,1,0,0,0,0,0,0,0,0,0,0,0,0,1,0,0,0,-1.404972384395399,-0.33628651068178533,-0.6539128396553676,-1.5758945740782508,-0.9734404576759703,0.41143049645500746,0
9,0,0,0,0,0,0,0,0,1,1,0,0,0,0,1,0,0,0,0,0,0,0,0,0,0,0,0,1,0,0,0,-1.3664799903023743,-0.3592059927862337,-0.6539128396553676,-1.5758945740782508,-0.9734404576759703,0.41143049645500746,0
10,0,0,0,0,0,0,0,0,1,1,0,0,0,0,0,0,1,0,0,0,0,0,0,0,1,0,0,0,0,0,0,-1.3279875962093497,-0.8330180901230535,-0.6539128396553676,-1.5758945740782508,-0.9734404576759703,0.41143049645500746,0
11,1,0,1,0,0,0,1,0,0,1,0,0,0,0,0,0,1,0,0,0,0,0,0,1,0,0,0,0,0,0,0,-1.289495202116325,-0.794676152770752,-0.6539128396553676,-1.5758945740782508,-0.9734404576759703,0.41143049645500746,0
12,1,0,1,0,0,0,0,0,1,1,0,0,1,0,0,0,0,0,0,0,0,0,0,0,0,0,0,0,0,1,0,-1.2510028080233004,-1.1855925531503615,-0.6539128396553676,-1.5758945740782508,-0.9734404576759703,0.41143049645500746,1
13,1,0,1,0,0,0,1,0,0,1,0,0,0,0,0,0,1,0,0,0,0,0,0,1,0,0,0,0,0,0,0,-1.2125104139302758,-0.9011339341344046,-0.6539128396553676,-1.5758945740782508,-0.9734404576759703,0.41143049645500746,0
14,0,0,0,0,0,0,0,0,1,1,0,0,0,0,1,0,0,0,0,0,0,0,0,0,0,0,0,1,0,0,0,-1.1740180198372512,-0.29944397870080297,-0.6539128396553676,-1.5758945740782508,-0.9734404576759703,0.41143049645500746,0
15,1,0,1,0,0,1,0,0,0,1,0,0,0,0,0,0,1,0,0,0,0,0,0,0,0,0,1,0,0,0,0,-1.1355256257442266,-0.777111689849586,-0.6539128396553676,-1.5758945740782508,-0.9734404576759703,0.41143049645500746,0
16,1,0,1,1,0,0,0,0,0,1,0,0,0,0,0,0,0,1,0,0,0,0,0,0,0,0,0,0,0,0,1,-1.097033231651202,-0.8720026297773488,-0.6539128396553676,-1.5758945740782508,-0.9734404576759703,0.41143049645500746,1
17,1,0,1,0,0,0,0,1,0,0,0,1,0,0,0,0,0,0,0,1,0,0,0,1,0,0,0,0,0,0,0,-1.0585408375581773,-1.1892339661949936,-0.6539128396553676,-1.5758945740782508,-0.9734404576759703,-2.433736475033965,0
18,1,0,1,0,0,1,0,0,0,1,0,0,0,0,1,0,0,0,0,0,0,0,0,1,0,0,0,0,0,0,0,-1.0200484434651527,-0.17863474592595383,-0.6539128396553676,-1.5758945740782508,-0.9734404576759703,0.41143049645500746,0
19,1,0,1,0,0,1,0,0,0,1,0,0,0,0,0,0,1,0,0,0,0,0,0,0,0,0,0,0,1,0,0,-0.9815560493721281,-0.6359533841782641,-0.6539128396553676,-0.9455367444469505,-0.38545628860994796,0.41143049645500746,1
20,1,0,1,0,0,1,0,0,0,1,0,0,0,0,1,0,0,0,0,0,0,0,0,0,0,0,0,0,1,0,0,-0.9430636552791035,-0.3018001871414472,-0.6539128396553676,-0.9455367444469505,-0.9734404576759703,0.41143049645500746,1
21,1,0,1,0,0,1,0,0,0,1,0,0,0,0,1,0,0,0,0,0,0,0,0,0,0,0,0,0,1,0,0,-0.9045712611860789,-0.6436646118021906,-0.6539128396553676,-0.9455367444469505,-0.38545628860994796,0.41143049645500746,1
22,1,0,1,1,0,0,0,0,0,1,0,0,0,0,0,0,1,0,0,0,0,0,0,0,0,0,0,0,0,0,1,-0.8660788670930543,-0.8242358586624704,-0.6539128396553676,-0.9455367444469505,-0.38545628860994796,0.41143049645500746,1
23,1,0,1,0,0,1,0,0,0,1,0,0,0,0,1,0,0,0,0,0,0,0,0,0,0,0,0,0,1,0,0,-0.8275864730000296,-0.3223634608052513,-0.6539128396553676,-0.9455367444469505,-0.9734404576759703,0.41143049645500746,1
24,1,0,1,0,0,1,0,0,0,1,0,0,0,0,1,0,0,0,0,0,0,0,0,0,0,0,1,0,0,0,0,-0.789094078907005,-0.12958277020708778,-0.6539128396553676,-0.3151789148156502,-0.9734404576759703,0.41143049645500746,0
25,1,0,1,0,0,0,0,1,0,0,0,1,0,0,0,0,0,0,0,1,0,0,0,0,0,0,0,0,1,0,0,-0.7506016848139804,0.7486403758512129,-0.6539128396553676,-0.3151789148156502,-0.38545628860994796,-2.433736475033965,1
26,1,0,1,1,0,0,0,0,0,0,1,0,0,0,0,0,1,0,0,0,0,0,0,0,0,0,0,0,0,0,1,-0.7121092907209557,-0.7743270798742792,-0.6539128396553676,-0.3151789148156502,-0.38545628860994796,0.4095407668371004,1
27,0,0,0,0,0,0,0,0,1,0,1,0,0,0,1,0,0,0,0,0,0,0,0,0,0,0,0,1,0,0,0,-0.673616896627931,-0.10816269347395849,-0.6539128396553676,-0.3151789148156502,-0.9734404576759703,0.4095407668371004,0
28,1,1,1,0,0,1,0,0,0,0,1,0,0,0,1,0,0,0,0,0,0,0,0,0,0,0,0,0,1,0,0,-0.6351245025349064,-0.17242292367334633,0.17499075990777432,-0.9455367444469505,-0.38545628860994796,0.4095407668371004,1
29,1,0,1,1,0,0,0,0,0,0,1,0,0,0,0,0,0,1,0,0,0,0,0,0,0,0,0,0,0,0,1,-0.5966321084418817,4.759999181796178e-11,-0.6539128396553676,-0.3151789148156502,-0.38545628860994796,0.4095407668371004,1
30,0,0,0,0,0,0,0,0,1,0,1,0,0,0,1,0,0,0,0,0,0,0,0,0,0,0,0,1,0,0,0,-0.5581397143488571,-0.0074883328282508484,-0.6539128396553676,-0.3151789148156502,-0.9734404576759703,0.4095407668371004,0
31,1,0,1,1,0,0,0,0,0,0,1,0,0,0,0,0,1,0,0,0,0,0,0,0,0,0,0,0,0,0,1,-0.5196473202558325,-0.7276313125960574,-0.6539128396553676,-0.3151789148156502,-0.38545628860994796,0.4095407668371004,1
32,1,1,1,0,0,1,0,0,0,0,1,0,0,0,1,0,0,0,0,0,0,0,0,0,0,0,0,0,1,0,0,-0.4811549261628079,-0.521784375190685,0.17499075990777432,-0.3151789148156502,-0.38545628860994796,0.4095407668371004,1
33,1,0,1,0,0,0,0,1,0,0,0,1,0,0,0,0,0,0,0,1,0,0,0,0,0,0,0,0,1,0,0,-0.4426625320697833,0.7486403758512129,-0.6539128396553676,-0.3151789148156502,-0.38545628860994796,-2.433736475033965,1
34,0,0,0,0,0,0,0,0,1,0,1,0,0,0,1,0,0,0,0,0,0,0,0,0,0,0,0,1,0,0,0,-0.40417013797675866,0.1405243973976725,-0.6539128396553676,-0.3151789148156502,-0.9734404576759703,0.4095407668371004,0
35,1,0,1,1,0,0,0,0,0,0,1,0,0,0,0,0,1,0,0,0,0,0,0,0,0,0,0,0,0,0,1,-0.36567774388373403,-0.6843627575951362,-0.6539128396553676,0.3151789148156502,-0.38545628860994796,0.4095407668371004,1
36,1,0,1,0,0,0,0,1,0,0,0,1,0,0,0,0,0,0,0,0,0,1,0,0,0,0,0,0,1,0,0,-0.32718534979070935,-1.2059416260468343,-0.6539128396553676,-0.3151789148156502,-0.38545628860994796,-2.433736475033965,1
37,1,0,1,1,0,0,0,0,0,0,1,0,0,0,0,0,0,1,0,0,0,0,0,0,0,0,0,0,0,0,1,-0.2886929556976847,-0.2388251615460471,-0.6539128396553676,0.3151789148156502,-0.38545628860994796,0.4095407668371004,1
38,1,0,1,0,0,0,0,1,0,0,0,1,0,0,0,0,0,0,0,1,0,0,0,0,0,0,0,0,1,0,0,-0.2502005616046601,0.7486403758512129,-0.6539128396553676,0.3151789148156502,-0.38545628860994796,-2.433736475033965,1
39,1,1,1,0,0,1,0,0,0,0,1,0,0,0,1,0,0,0,0,0,0,0,0,0,0,0,0,0,1,0,0,-0.2117081675116355,-0.19384300040647562,0.17499075990777432,-0.3151789148156502,-0.38545628860994796,0.4095407668371004,1
40,1,0,1,0,0,1,0,0,0,0,1,0,0,0,1,0,0,0,0,0,0,0,0,0,0,0,0,0,1,0,0,-0.17321577341861083,-0.5151441514034149,-0.6539128396553676,0.3151789148156502,-0.9734404576759703,0.4095407668371004,1
41,1,1,1,1,0,0,0,0,0,1,0,0,0,0,0,0,1,0,0,0,0,0,0,0,0,0,0,0,0,0,1,-0.1347233793255862,-0.8353742985636977,0.17499075990777432,-0.3151789148156502,-0.38545628860994796,0.41143049645500746,1
42,1,1,0,0,0,0,0,0,1,0,0,1,0,0,0,0,0,0,0,1,0,0,0,0,0,0,0,0,0,1,0,-0.09623098523256159,0.7486403758512129,0.17499075990777432,-0.3151789148156502,-0.38545628860994796,-2.433736475033965,1
43,1,0,1,1,0,0,0,0,0,1,0,0,0,0,0,0,0,1,0,0,0,0,0,0,0,0,0,0,0,0,1,-0.05773859113953695,4.759999181796178e-11,-0.6539128396553676,0.3151789148156502,-0.38545628860994796,0.41143049645500746,1
44,1,1,1,0,0,0,0,0,1,1,0,0,0,0,1,0,0,0,0,0,0,0,0,0,0,0,0,0,0,1,0,-0.019246197046512314,-0.4016177447178297,0.17499075990777432,-0.3151789148156502,-0.38545628860994796,0.41143049645500746,1
45,1,0,1,0,0,0,0,0,1,1,0,0,0,0,1,0,0,0,0,0,0,0,0,0,0,0,0,1,0,0,0,0.019246197046512314,-0.002775915946962406,-0.6539128396553676,0.3151789148156502,-0.9734404576759703,0.41143049645500746,0
46,1,1,1,0,0,0,0,0,1,0,0,1,0,0,0,0,0,0,0,1,0,0,0,0,0,0,0,1,0,0,0,0.05773859113953695,0.7486403758512129,0.17499075990777432,0.3151789148156502,-0.38545628860994796,-2.433736475033965,0
47,1,1,1,0,0,0,0,0,1,1,0,0,0,0,0,0,1,0,0,0,0,0,0,0,0,0,0,1,0,0,0,0.09623098523256159,-0.7164928726948302,0.17499075990777432,0.3151789148156502,-0.38545628860994796,0.41143049645500746,0
48,1,0,1,0,0,1,0,0,0,1,0,0,0,0,0,1,0,0,0,0,0,0,0,0,0,0,0,0,1,0,0,0.1347233793255862,-1.232716721963246,-0.6539128396553676,0.3151789148156502,-0.38545628860994796,0.41143049645500746,1
49,1,0,1,0,0,1,0,0,0,0,1,0,0,0,1,0,0,0,0,0,0,0,0,0,0,0,0,0,1,0,0,0.17321577341861083,-0.5044341130368503,-0.6539128396553676,0.9455367444469505,0.7905120495220969,0.4095407668371004,1
50,0,1,0,0,0,0,0,0,1,1,0,0,0,0,1,0,0,0,0,0,0,0,0,0,0,0,0,1,0,0,0,0.2117081675116355,-0.15446218933261735,0.17499075990777432,0.3151789148156502,-0.38545628860994796,0.41143049645500746,0
51,0,1,0,0,0,0,0,0,1,1,0,0,0,0,0,0,1,0,0,0,0,0,0,0,0,0,0,1,0,0,0,0.2502005616046601,-0.7914631412607827,0.17499075990777432,0.3151789148156502,-0.38545628860994796,0.41143049645500746,0
52,1,0,1,0,0,1,0,0,0,1,0,0,0,0,1,0,0,0,0,0,0,0,0,0,0,0,0,0,1,0,0,0.2886929556976847,0.20799763910702976,-0.6539128396553676,0.9455367444469505,0.20252788045607445,0.41143049645500746,1
53,1,0,1,0,0,0,0,1,0,0,0,1,0,0,0,0,0,0,0,1,0,0,0,0,0,0,0,0,1,0,0,0.32718534979070935,0.7486403758512129,-0.6539128396553676,0.9455367444469505,1.3784962185881193,-2.433736475033965,1
54,1,1,1,0,0,1,0,0,0,1,0,0,0,0,1,0,0,0,0,0,0,0,0,0,0,0,0,0,1,0,0,0.36567774388373403,-0.06532254000769992,0.17499075990777432,0.9455367444469505,0.7905120495220969,0.41143049645500746,1
55,1,0,1,0,0,1,0,0,0,1,0,0,0,0,1,0,0,0,0,0,0,0,0,0,0,0,0,0,1,0,0,0.40417013797675866,0.20457042682972906,-0.6539128396553676,0.9455367444469505,1.9664803876541417,0.41143049645500746,1
56,1,1,1,0,1,0,0,0,0,0,0,1,0,0,0,0,0,0,0,0,0,1,0,0,0,0,0,0,0,0,1,0.4426625320697833,-0.7079248420015785,0.17499075990777432,0.9455367444469505,1.3784962185881193,-2.433736475033965,1
57,1,1,1,0,0,1,0,0,0,0,1,0,0,0,1,0,0,0,0,0,0,0,0,0,0,0,0,0,1,0,0,0.4811549261628079,-0.6650846885353199,0.17499075990777432,0.9455367444469505,0.20252788045607445,0.4095407668371004,1
58,1,1,1,0,0,0,0,1,0,0,0,1,0,0,0,0,0,0,0,0,0,1,0,0,0,0,0,0,1,0,0,0.5196473202558325,-0.45088392120402704,1.0038943594709162,0.9455367444469505,0.7905120495220969,-2.433736475033965,1
59,1,0,1,1,0,0,0,0,0,1,0,0,0,0,0,0,1,0,0,0,0,0,0,0,0,1,0,0,0,0,0,0.5581397143488571,-0.756548416185782,-0.6539128396553676,0.9455367444469505,-0.9734404576759703,0.41143049645500746,0
60,0,0,0,0,0,0,0,0,1,1,0,0,0,0,0,0,0,0,1,0,0,0,0,0,0,0,0,1,0,0,0,0.5966321084418817,-0.3652036142715099,-0.6539128396553676,0.9455367444469505,-0.9734404576759703,0.41143049645500746,0
61,1,1,1,0,0,0,0,1,0,0,0,1,0,0,0,0,0,0,0,1,0,0,0,0,0,0,0,0,1,0,0,0.6351245025349064,0.7486403758512129,0.17499075990777432,0.9455367444469505,1.9664803876541417,-2.433736475033965,1
62,1,0,1,0,0,1,0,0,0,0,1,0,0,0,0,0,1,0,0,0,0,0,0,0,0,0,0,0,1,0,0,0.673616896627931,1.3182002161851205,-0.6539128396553676,0.9455367444469505,1.9664803876541417,0.4095407668371004,1
63,1,0,1,0,0,1,0,0,0,1,0,0,0,0,0,0,1,0,0,0,0,0,0,0,0,0,0,0,1,0,0,0.7121092907209557,-0.7760406860129295,-0.6539128396553676,0.9455367444469505,0.7905120495220969,0.41143049645500746,1
64,1,1,1,0,0,1,0,0,0,1,0,0,0,0,0,0,0,0,0,0,0,0,1,0,0,0,0,0,1,0,0,0.7506016848139804,1.60972746052301,1.0038943594709162,0.9455367444469505,1.9664803876541417,0.41143049645500746,1
65,1,1,1,0,1,0,0,0,0,0,0,1,0,0,0,0,0,0,0,0,0,1,0,0,0,0,0,0,0,0,1,0.789094078907005,-1.002450897082106,0.17499075990777432,0.9455367444469505,1.9664803876541417,-2.433736475033965,1
66,1,1,1,1,0,0,0,0,0,1,0,0,0,0,0,0,1,0,0,0,0,0,0,0,0,0,0,0,0,0,1,0.8275864730000296,-0.8305119411452774,0.17499075990777432,0.9455367444469505,0.7905120495220969,0.41143049645500746,1
67,0,1,0,0,0,0,0,0,1,1,0,0,0,0,1,0,0,0,0,0,0,0,0,0,0,0,0,1,0,0,0,0.8660788670930543,0.08461799712420508,1.0038943594709162,0.9455367444469505,0.20252788045607445,0.41143049645500746,0
68,1,1,1,0,0,1,0,0,0,1,0,0,0,0,0,0,0,0,0,0,0,0,1,0,0,0,0,0,1,0,0,0.9045712611860789,2.03384497983897,1.8327979590340584,0.9455367444469505,1.3784962185881193,0.41143049645500746,1
69,1,0,1,0,0,1,0,0,0,1,0,0,0,0,0,0,1,0,0,0,0,0,0,0,0,0,0,0,1,0,0,0.9430636552791035,-0.2366831538727342,-0.6539128396553676,0.9455367444469505,0.7905120495220969,0.41143049645500746,1
70,1,1,1,0,0,1,0,0,0,1,0,0,0,0,1,0,0,0,0,0,0,0,0,0,0,0,0,0,1,0,0,0.9815560493721281,0.14887822732359293,1.0038943594709162,0.9455367444469505,0.7905120495220969,0.41143049645500746,1
71,1,1,1,0,0,1,0,0,0,1,0,0,0,0,0,0,0,0,0,0,0,0,1,0,0,0,0,0,1,0,0,1.0200484434651527,1.9910048263727116,1.8327979590340584,0.9455367444469505,1.9664803876541417,0.41143049645500746,1
72,0,1,0,0,0,0,0,0,1,0,1,0,0,0,0,0,0,0,0,0,1,0,0,0,0,0,0,1,0,0,0,1.0585408375581773,4.759999181796178e-11,1.8327979590340584,0.9455367444469505,0.7905120495220969,0.4095407668371004,0
73,1,1,1,0,0,1,0,0,0,1,0,0,0,0,0,0,0,0,0,0,0,0,1,0,0,0,0,0,1,0,0,1.097033231651202,2.03384497983897,1.0038943594709162,0.9455367444469505,1.9664803876541417,0.41143049645500746,1
74,1,1,1,0,0,1,0,0,0,1,0,0,0,0,0,0,0,0,0,0,0,0,1,1,0,0,0,0,0,0,0,1.1355256257442266,1.9910048263727116,1.8327979590340584,0.9455367444469505,0.7905120495220969,0.41143049645500746,0
75,1,1,1,1,0,0,0,0,0,1,0,0,0,0,0,0,1,0,0,0,0,0,0,0,0,0,0,0,0,0,1,1.1740180198372512,-0.8842120735152325,0.17499075990777432,0.9455367444469505,0.7905120495220969,0.41143049645500746,1
76,1,1,1,0,0,1,0,0,0,0,1,0,0,0,0,0,0,0,0,0,0,0,1,1,0,0,0,0,0,0,0,1.2125104139302758,2.03384497983897,2.6617015585972004,0.9455367444469505,1.3784962185881193,0.4095407668371004,0
77,1,1,1,0,0,1,0,0,0,0,1,0,0,0,0,0,0,0,0,0,0,0,1,0,0,0,0,0,1,0,0,1.2510028080233004,1.9910048263727116,1.8327979590340584,0.9455367444469505,1.9664803876541417,0.4095407668371004,1
78,1,0,1,0,0,1,0,0,0,0,1,0,0,0,0,0,1,0,0,0,0,0,0,0,0,0,0,0,1,0,0,1.289495202116325,0.7325753183013659,-0.6539128396553676,0.9455367444469505,0.20252788045607445,0.4095407668371004,1
79,1,1,1,0,0,0,0,1,0,1,0,0,0,0,0,0,0,0,0,0,0,0,1,0,0,0,0,0,1,0,0,1.3279875962093497,1.9910048263727116,2.6617015585972004,0.9455367444469505,1.9664803876541417,0.41143049645500746,1
80,1,1,1,0,0,1,0,0,0,1,0,0,0,0,0,0,0,0,0,0,0,0,1,0,0,0,0,0,1,0,0,1.3664799903023743,1.9910048263727116,1.0038943594709162,0.9455367444469505,0.7905120495220969,0.41143049645500746,1
81,1,0,1,0,0,0,0,1,0,1,0,0,0,0,0,0,0,0,1,0,0,0,0,0,0,0,0,0,1,0,0,1.404972384395399,-0.4765880132837822,-0.6539128396553676,0.9455367444469505,0.20252788045607445,0.41143049645500746,1
82,1,1,1,0,0,0,0,1,0,1,0,0,0,1,0,0,0,0,0,0,0,0,0,0,0,0,0,0,1,0,0,1.4434647784884238,4.759999181796178e-11,0.17499075990777432,0.9455367444469505,0.20252788045607445,0.41143049645500746,1
83,1,1,1,0,0,1,0,0,0,1,0,0,0,0,0,0,0,0,0,0,0,0,1,0,0,0,0,0,1,0,0,1.4819571725814484,1.9910048263727116,3.490605158160342,0.9455367444469505,1.9664803876541417,0.41143049645500746,1
84,1,1,1,1,0,0,0,0,0,1,0,0,0,0,0,0,0,0,0,0,0,1,0,0,0,0,0,0,0,0,1,1.520449566674473,-0.9649657627991298,1.8327979590340584,0.9455367444469505,0.7905120495220969,0.41143049645500746,1
85,1,1,1,0,0,1,0,0,0,0,1,0,0,0,0,0,0,0,0,0,0,0,1,0,0,0,0,0,1,0,0,1.5589419607674977,1.9910048263727116,0.17499075990777432,0.9455367444469505,0.20252788045607445,0.4095407668371004,1
86,1,1,1,0,0,1,0,0,0,0,1,0,0,0,0,0,0,0,0,0,0,0,1,0,0,0,0,0,1,0,0,1.5974343548605223,1.9910048263727116,1.0038943594709162,0.9455367444469505,0.20252788045607445,0.4095407668371004,1
87,1,1,1,0,0,1,0,0,0,0,1,0,0,0,0,0,0,0,0,0,0,0,1,0,0,0,0,0,1,0,0,1.635926748953547,1.9910048263727116,3.490605158160342,0.9455367444469505,1.9664803876541417,0.4095407668371004,1
88,1,1,1,0,0,0,0,1,0,1,0,0,0,0,0,0,0,0,0,0,0,0,1,0,0,0,0,0,1,0,0,1.6744191430465716,1.9910048263727116,1.0038943594709162,0.9455367444469505,0.20252788045607445,0.41143049645500746,1
89,1,0,1,0,0,1,0,0,0,1,0,0,0,0,0,0,0,0,1,0,0,0,0,0,0,0,0,0,1,0,0,1.7129115371395962,-0.5192139659827094,-0.6539128396553676,0.9455367444469505,-0.9734404576759703,0.41143049645500746,1
90,1,0,1,0,0,0,0,0,1,0,0,0,0,0,0,0,0,0,0,0,0,0,0,0,0,0,0,1,0,0,0,0.019891680398628354,0.009824669656841034,-0.640012860539129,0.3151789148156502,-0.9635804840011014,0.3637195666113544,0
91,0,0,0,0,0,0,0,0,1,0,0,0,0,0,1,0,0,0,0,0,0,0,0,0,0,0,0,1,0,0,0,-0.7635065626747912,-0.0648365147676673,-0.6539128396553676,-0.9036342034960961,-0.9734404576759703,0.4104228225010111,0
92,0,0,0,0,0,0,0,0,1,1,0,0,0,0,0,0,0,0,0,0,0,0,0,0,0,0,0,1,0,0,0,-1.4042185937252745,-0.4717392649680413,-0.6539128396553676,-1.5758945740782508,-0.9734404576759703,0.41143049645500746,0
93,0,1,0,0,0,0,0,0,1,1,0,0,0,0,0,0,0,0,0,0,0,0,0,0,0,0,0,1,0,0,0,0.1747909828718907,-0.3341391618858754,0.17499075990777432,0.3151789148156502,-0.38545628860994796,0.41143049645500746,0
94,1,0,1,0,0,1,0,0,0,1,0,0,0,0,0,0,0,0,0,0,0,0,0,0,0,0,0,0,0,0,0,-1.072070827701426,-0.44824816148456825,-0.6539128396553676,-1.5758945740782508,-0.9734404576759703,0.41143049645500746,0
95,0,0,0,0,0,0,0,0,1,1,0,0,0,0,1,0,0,0,0,0,0,0,0,0,0,0,0,1,0,0,0,-1.5584313606549034,-0.6282301465358453,-0.6539128396553676,-1.5758945740782508,-0.9734404576759703,0.41143049645500746,0
96,1,0,1,0,0,0,0,0,1,0,0,0,0,0,0,0,0,0,0,0,0,0,0,0,0,0,0,1,0,0,0,0.021470989844575884,0.040654626468770494,-0.6060036668941121,0.3151789148156502,-0.9394560050188535,0.2469848407195001,0
97,1,0,1,0,0,0,0,0,0,1,0,0,0,0,0,0,0,0,0,0,0,0,0,0,0,0,0,0,0,0,0,0.25458734537910505,-0.3319572478652809,-0.6539128396553676,0.5904636059889532,-0.9734404576759703,0.41143049645500746,0
98,0,0,0,0,0,0,0,0,0,1,0,0,0,0,1,0,0,0,0,0,0,0,0,0,0,0,0,0,0,0,0,-1.0793908590880394,-0.22519661789656678,-0.6539128396553676,-1.5758945740782508,-0.9734404576759703,0.41143049645500746,0
99,0,0,0,0,0,0,0,0,1,0,0,0,0,0,1,0,0,0,0,0,0,0,0,0,0,0,0,1,0,0,0,-0.567972982711243,-0.012149770307367552,-0.6539128396553676,-0.3353078190094105,-0.9734404576759703,0.4095709387368079,0
100,0,1,0,0,0,0,0,0,1,1,0,0,0,0,0,0,0,0,0,0,0,0,0,0,0,0,0,1,0,0,0,0.24131290547516623,-0.644383554545138,0.17499075990777432,0.3151789148156502,-0.38545628860994796,0.41143049645500746,0
101,0,0,0,0,0,0,0,0,1,1,0,0,0,0,0,0,0,0,0,0,0,0,0,0,0,0,0,1,0,0,0,0.15841090541743474,-0.09013022083637123,-0.6539128396553676,0.46711120446567966,-0.9734404576759703,0.41143049645500746,0
102,0,1,0,0,0,0,0,0,1,0,0,0,0,0,0,0,0,0,0,0,0,0,0,0,0,0,0,1,0,0,0,0.16294038568360214,0.13158333930341126,0.17499075990777432,0.3151789148156502,-0.38545628860994796,-0.4897376784484375,0
103,0,1,0,0,0,0,0,0,1,1,0,0,0,0,1,0,0,0,0,0,0,0,0,0,0,0,0,1,0,0,0,0.4669149273975133,-0.06122011755650243,0.4982659341134157,0.5610205751647506,-0.15614049750329073,0.41143049645500746,0
104,1,1,1,0,0,0,0,0,0,0,0,0,0,0,0,0,0,0,0,0,0,0,0,0,0,0,0,0,0,0,0,0.2824320738635878,-0.2577225244475616,0.5897867741697973,0.42032580822509913,-0.09122003495356013,0.4111152799392977,0
105,1,0,1,0,0,0,0,0,0,1,0,0,0,0,0,0,0,0,0,0,0,0,0,1,0,0,0,0,0,0,0,-1.1791443111071667,-0.7758781127109999,-0.6539128396553676,-1.5758945740782508,-0.9734404576759703,0.41143049645500746,0
106,0,0,0,0,0,0,0,0,1,1,0,0,0,0,0,0,0,0,0,0,0,0,0,0,0,0,0,1,0,0,0,-1.5924886649718615,-0.1315084071569186,-0.6539128396553676,-1.5758945740782508,-0.9734404576759703,0.41143049645500746,0
107,0,0,0,0,0,0,0,0,1,0,0,0,0,0,1,0,0,0,0,0,0,0,0,0,0,0,0,1,0,0,0,-0.6703749672946031,-0.060693187539701696,-0.6539128396553676,-0.5449268043728144,-0.9734404576759703,0.409885143769645,0
108,0,0,0,0,0,0,0,0,1,1,0,0,0,0,1,0,0,0,0,0,0,0,0,0,0,0,0,1,0,0,0,-1.4827826666568142,-0.5376702828400788,-0.6539128396553676,-1.5758945740782508,-0.9734404576759703,0.41143049645500746,0
109,0,0,0,0,0,0,0,0,1,0,0,0,0,0,0,0,0,0,0,0,0,0,0,0,0,0,0,1,0,0,0,0.17113515417296254,-0.15019037921558026,-0.6539128396553676,0.4095360758483534,-0.9734404576759703,0.41062706680675415,0
110,0,0,0,0,0,0,0,0,1,1,0,0,0,0,1,0,0,0,0,0,0,0,0,0,0,0,0,1,0,0,0,-1.5509377883320166,-0.6217666622082909,-0.6539128396553676,-1.5758945740782508,-0.9734404576759703,0.41143049645500746,0
111,0,0,0,0,0,0,0,0,1,1,0,0,0,0,1,0,0,0,0,0,0,0,0,0,0,0,0,1,0,0,0,-1.3706873225439287,-0.4674977296423803,-0.6539128396553676,-1.5758945740782508,-0.9734404576759703,0.41143049645500746,0
112,0,0,0,0,0,0,0,0,1,1,0,0,0,0,1,0,0,0,0,0,0,0,0,0,0,0,0,1,0,0,0,-1.5541206663932996,-0.619515050903198,-0.6539128396553676,-1.5758945740782508,-0.9734404576759703,0.41143049645500746,0
113,0,0,0,0,0,0,0,0,1,0,0,0,0,0,1,0,0,0,0,0,0,0,0,0,0,0,0,1,0,0,0,-1.2389924214764243,-0.30373476276704076,-0.6539128396553676,-1.3770605197060348,-0.9734404576759703,0.41113245732236475,0
114,0,0,0,0,0,0,0,0,0,1,0,0,0,0,0,0,1,0,0,0,0,0,0,0,0,0,0,0,0,0,0,-1.306807315462961,-0.8119205975763542,-0.6539128396553676,-1.5758945740782508,-0.9734404576759703,0.41143049645500746,0
115,0,0,0,0,0,0,0,0,1,1,0,0,0,0,1,0,0,0,0,0,0,0,0,0,0,0,0,1,0,0,0,-1.3261208059385865,-0.42953793924411915,-0.6539128396553676,-1.5758945740782508,-0.9734404576759703,0.41143049645500746,0
116,0,0,0,0,0,0,0,0,1,1,0,0,0,0,0,0,0,0,0,0,0,0,0,0,0,0,0,1,0,0,0,-1.3862415211900372,-0.4181331796031449,-0.6539128396553676,-1.5758945740782508,-0.9734404576759703,0.41143049645500746,0
117,1,0,1,0,0,0,1,0,0,1,0,0,0,0,0,0,1,0,0,0,0,0,0,1,0,0,0,0,0,0,0,-1.2684992944849276,-0.8237101710076145,-0.6539128396553676,-1.5758945740782508,-0.9734404576759703,0.41143049645500746,0
118,1,0,1,0,0,0,0,0,1,1,0,0,0,0,0,0,0,0,0,0,0,0,0,0,0,0,0,1,0,0,0,0.07109231331193466,-0.48343518892862025,-0.0956800587594984,0.3151789148156502,-0.5774570912224272,0.41143049645500746,0
119,0,0,0,0,0,0,0,0,0,1,0,0,0,0,0,0,1,0,0,0,0,0,0,0,0,0,0,0,0,0,0,-1.4540457109091187,-1.0503273588567634,-0.6539128396553676,-1.5758945740782508,-0.9734404576759703,0.41143049645500746,0
